0.5307282209396362
0.5498608350753784
0.5539772510528564
0.548933207988739
0.5479475855827332
0.5568181872367859
0.5602968335151672
0.5550788640975952
0.563601553440094
0.5677759647369385
0.5629638433456421
0.565282940864563
0.5645292401313782
0.570732831954956
0.5684137344360352
0.5741535425186157
0.562268078327179
0.5692833662033081
0.5758348703384399
0.574617326259613
0.5669063329696655
0.561398446559906
0.5703849792480469
0.5742694735527039
0.5661525726318359
0.5669642686843872
0.5629638433456421
0.5659786462783813
0.5617462992668152
0.5665584206581116
0.5736317038536072
0.5696892142295837
0.5673121809959412
0.5649350881576538
0.5710227489471436
0.5690515041351318
0.5702110528945923
0.5717764496803284
0.5778061151504517
0.5651669502258301
0.5635436177253723
0.5630217790603638
0.5691094398498535
0.5690515041351318
0.5691094398498535
0.5690515041351318
0.5739796161651611
0.5662105679512024
0.5704429745674133
0.5739796161651611
0.5751971006393433
0.5646451711654663
0.5756029486656189
0.5709647536277771
0.5641813278198242
0.5634276270866394
0.5709067583084106
0.5783278942108154
0.5698052048683167
0.5674281120300293
0.5743274688720703
0.5727620720863342
0.5693413615226746
0.5753130912780762
0.576066792011261
0.5745593905448914
0.5729359984397888
0.5676600337028503
0.5756609439849854
0.5736317038536072
0.5700371265411377
0.5738636255264282
0.5713126063346863
0.5658627152442932
0.5727620720863342
0.5729359984397888
0.573051929473877
0.568297803401947
0.5765306353569031
0.572414219379425
0.5711966753005981
0.5685296654701233
0.5728200078010559
0.5734577775001526
0.5694573521614075
0.5742114782333374
0.5733998417854309
0.570732831954956
0.5736317038536072
0.5693413615226746
0.5766465663909912
0.5791395902633667
0.5758348703384399
0.5754290223121643
0.5706748366355896
0.5782119631767273
0.5748492479324341
0.5765885710716248
0.570732831954956
0.5696312785148621
0.5772263407707214
0.5731679201126099
0.5685876607894897
0.5684137344360352
0.5693413615226746
0.573515772819519
0.5700950622558594
0.5673121809959412
0.5756029486656189
0.5770524144172668
0.5754870176315308
0.5727620720863342
0.5695732831954956
0.5722982287406921
0.5712546110153198
0.5687035918235779
